(14).bmp 1 0 0 36 36
(16).bmp 1 0 0 36 36
(17).bmp 1 0 0 36 36
(18).bmp 1 0 0 36 36
(19).bmp 1 0 0 36 36
(20).bmp 1 0 0 36 36
(21).bmp 1 0 0 36 36
(22).bmp 1 0 0 36 36
(23).bmp 1 0 0 36 36
(24).bmp 1 0 0 36 36
(25).bmp 1 0 0 36 36
(26).bmp 1 0 0 36 36
(27).bmp 1 0 0 36 36
(28).bmp 1 0 0 36 36
(29).bmp 1 0 0 36 36
(30).bmp 1 0 0 36 36
(31).bmp 1 0 0 36 36
1.bmp 1 0 0 36 36
10.bmp 1 0 0 36 36
100.bmp 1 0 0 36 36
101.bmp 1 0 0 36 36
102.bmp 1 0 0 36 36
103.bmp 1 0 0 36 36
104.bmp 1 0 0 36 36
105.bmp 1 0 0 36 36
106.bmp 1 0 0 36 36
107.bmp 1 0 0 36 36
108.bmp 1 0 0 36 36
109.bmp 1 0 0 36 36
11.bmp 1 0 0 36 36
110.bmp 1 0 0 36 36
111.bmp 1 0 0 36 36
112.bmp 1 0 0 36 36
113.bmp 1 0 0 36 36
114.bmp 1 0 0 36 36
115.bmp 1 0 0 36 36
116.bmp 1 0 0 36 36
117.bmp 1 0 0 36 36
118.bmp 1 0 0 36 36
119.bmp 1 0 0 36 36
12.bmp 1 0 0 36 36
120.bmp 1 0 0 36 36
121.bmp 1 0 0 36 36
122.bmp 1 0 0 36 36
123.bmp 1 0 0 36 36
124.bmp 1 0 0 36 36
125.bmp 1 0 0 36 36
126.bmp 1 0 0 36 36
127.bmp 1 0 0 36 36
128.bmp 1 0 0 36 36
129.bmp 1 0 0 36 36
13.bmp 1 0 0 36 36
130.bmp 1 0 0 36 36
131.bmp 1 0 0 36 36
132.bmp 1 0 0 36 36
133.bmp 1 0 0 36 36
134.bmp 1 0 0 36 36
135.bmp 1 0 0 36 36
136.bmp 1 0 0 36 36
137.bmp 1 0 0 36 36
138.bmp 1 0 0 36 36
139.bmp 1 0 0 36 36
14.bmp 1 0 0 36 36
140.bmp 1 0 0 36 36
141.bmp 1 0 0 36 36
142.bmp 1 0 0 36 36
143.bmp 1 0 0 36 36
144.bmp 1 0 0 36 36
145.bmp 1 0 0 36 36
146.bmp 1 0 0 36 36
147.bmp 1 0 0 36 36
148.bmp 1 0 0 36 36
149.bmp 1 0 0 36 36
15.bmp 1 0 0 36 36
150.bmp 1 0 0 36 36
151.bmp 1 0 0 36 36
152.bmp 1 0 0 36 36
153.bmp 1 0 0 36 36
154.bmp 1 0 0 36 36
155.bmp 1 0 0 36 36
156.bmp 1 0 0 36 36
157.bmp 1 0 0 36 36
158.bmp 1 0 0 36 36
159.bmp 1 0 0 36 36
16.bmp 1 0 0 36 36
160.bmp 1 0 0 36 36
161.bmp 1 0 0 36 36
162.bmp 1 0 0 36 36
163.bmp 1 0 0 36 36
164.bmp 1 0 0 36 36
165.bmp 1 0 0 36 36
166.bmp 1 0 0 36 36
167.bmp 1 0 0 36 36
168.bmp 1 0 0 36 36
169.bmp 1 0 0 36 36
17.bmp 1 0 0 36 36
170.bmp 1 0 0 36 36
171.bmp 1 0 0 36 36
172.bmp 1 0 0 36 36
173.bmp 1 0 0 36 36
174.bmp 1 0 0 36 36
175.bmp 1 0 0 36 36
176.bmp 1 0 0 36 36
177.bmp 1 0 0 36 36
178.bmp 1 0 0 36 36
179.bmp 1 0 0 36 36
18.bmp 1 0 0 36 36
180.bmp 1 0 0 36 36
181.bmp 1 0 0 36 36
182.bmp 1 0 0 36 36
183.bmp 1 0 0 36 36
184.bmp 1 0 0 36 36
185.bmp 1 0 0 36 36
186.bmp 1 0 0 36 36
187.bmp 1 0 0 36 36
188.bmp 1 0 0 36 36
189.bmp 1 0 0 36 36
19.bmp 1 0 0 36 36
190.bmp 1 0 0 36 36
191.bmp 1 0 0 36 36
192.bmp 1 0 0 36 36
193.bmp 1 0 0 36 36
194.bmp 1 0 0 36 36
195.bmp 1 0 0 36 36
196.bmp 1 0 0 36 36
197.bmp 1 0 0 36 36
198.bmp 1 0 0 36 36
199.bmp 1 0 0 36 36
2.bmp 1 0 0 36 36
20.bmp 1 0 0 36 36
200.bmp 1 0 0 36 36
201.bmp 1 0 0 36 36
202.bmp 1 0 0 36 36
203.bmp 1 0 0 36 36
204.bmp 1 0 0 36 36
205.bmp 1 0 0 36 36
206.bmp 1 0 0 36 36
207.bmp 1 0 0 36 36
208.bmp 1 0 0 36 36
209.bmp 1 0 0 36 36
21.bmp 1 0 0 36 36
210.bmp 1 0 0 36 36
211.bmp 1 0 0 36 36
212.bmp 1 0 0 36 36
213.bmp 1 0 0 36 36
214.bmp 1 0 0 36 36
215.bmp 1 0 0 36 36
216.bmp 1 0 0 36 36
217.bmp 1 0 0 36 36
218.bmp 1 0 0 36 36
219.bmp 1 0 0 36 36
22.bmp 1 0 0 36 36
220.bmp 1 0 0 36 36
221.bmp 1 0 0 36 36
222.bmp 1 0 0 36 36
223.bmp 1 0 0 36 36
224.bmp 1 0 0 36 36
225.bmp 1 0 0 36 36
226.bmp 1 0 0 36 36
227.bmp 1 0 0 36 36
228.bmp 1 0 0 36 36
229.bmp 1 0 0 36 36
23.bmp 1 0 0 36 36
230.bmp 1 0 0 36 36
231.bmp 1 0 0 36 36
232.bmp 1 0 0 36 36
233.bmp 1 0 0 36 36
234.bmp 1 0 0 36 36
235.bmp 1 0 0 36 36
236.bmp 1 0 0 36 36
237.bmp 1 0 0 36 36
238.bmp 1 0 0 36 36
239.bmp 1 0 0 36 36
24.bmp 1 0 0 36 36
240.bmp 1 0 0 36 36
241.bmp 1 0 0 36 36
242.bmp 1 0 0 36 36
243.bmp 1 0 0 36 36
244.bmp 1 0 0 36 36
245.bmp 1 0 0 36 36
246.bmp 1 0 0 36 36
247.bmp 1 0 0 36 36
248.bmp 1 0 0 36 36
249.bmp 1 0 0 36 36
25.bmp 1 0 0 36 36
250.bmp 1 0 0 36 36
251.bmp 1 0 0 36 36
252.bmp 1 0 0 36 36
253.bmp 1 0 0 36 36
254.bmp 1 0 0 36 36
255.bmp 1 0 0 36 36
256.bmp 1 0 0 36 36
257.bmp 1 0 0 36 36
258.bmp 1 0 0 36 36
259.bmp 1 0 0 36 36
26.bmp 1 0 0 36 36
260.bmp 1 0 0 36 36
261.bmp 1 0 0 36 36
262.bmp 1 0 0 36 36
263.bmp 1 0 0 36 36
264.bmp 1 0 0 36 36
265.bmp 1 0 0 36 36
266.bmp 1 0 0 36 36
267.bmp 1 0 0 36 36
268.bmp 1 0 0 36 36
269.bmp 1 0 0 36 36
270.bmp 1 0 0 36 36
271.bmp 1 0 0 36 36
272.bmp 1 0 0 36 36
273.bmp 1 0 0 36 36
274.bmp 1 0 0 36 36
275.bmp 1 0 0 36 36
276.bmp 1 0 0 36 36
277.bmp 1 0 0 36 36
278.bmp 1 0 0 36 36
279.bmp 1 0 0 36 36
28.bmp 1 0 0 36 36
280.bmp 1 0 0 36 36
281.bmp 1 0 0 36 36
282.bmp 1 0 0 36 36
283.bmp 1 0 0 36 36
284.bmp 1 0 0 36 36
285.bmp 1 0 0 36 36
286.bmp 1 0 0 36 36
287.bmp 1 0 0 36 36
288.bmp 1 0 0 36 36
289.bmp 1 0 0 36 36
29.bmp 1 0 0 36 36
290.bmp 1 0 0 36 36
291.bmp 1 0 0 36 36
292.bmp 1 0 0 36 36
293.bmp 1 0 0 36 36
294.bmp 1 0 0 36 36
295.bmp 1 0 0 36 36
296.bmp 1 0 0 36 36
297.bmp 1 0 0 36 36
298.bmp 1 0 0 36 36
299.bmp 1 0 0 36 36
3.bmp 1 0 0 36 36
30.bmp 1 0 0 36 36
300.bmp 1 0 0 36 36
301.bmp 1 0 0 36 36
302.bmp 1 0 0 36 36
303.bmp 1 0 0 36 36
304.bmp 1 0 0 36 36
305.bmp 1 0 0 36 36
306.bmp 1 0 0 36 36
307.bmp 1 0 0 36 36
308.bmp 1 0 0 36 36
309.bmp 1 0 0 36 36
31.bmp 1 0 0 36 36
310.bmp 1 0 0 36 36
311.bmp 1 0 0 36 36
312.bmp 1 0 0 36 36
313.bmp 1 0 0 36 36
314.bmp 1 0 0 36 36
315.bmp 1 0 0 36 36
316.bmp 1 0 0 36 36
317.bmp 1 0 0 36 36
318.bmp 1 0 0 36 36
319.bmp 1 0 0 36 36
32.bmp 1 0 0 36 36
320.bmp 1 0 0 36 36
321.bmp 1 0 0 36 36
322.bmp 1 0 0 36 36
323.bmp 1 0 0 36 36
324.bmp 1 0 0 36 36
325.bmp 1 0 0 36 36
326.bmp 1 0 0 36 36
327.bmp 1 0 0 36 36
328.bmp 1 0 0 36 36
329.bmp 1 0 0 36 36
33.bmp 1 0 0 36 36
330.bmp 1 0 0 36 36
331.bmp 1 0 0 36 36
332.bmp 1 0 0 36 36
333.bmp 1 0 0 36 36
334.bmp 1 0 0 36 36
335.bmp 1 0 0 36 36
336.bmp 1 0 0 36 36
337.bmp 1 0 0 36 36
338.bmp 1 0 0 36 36
339.bmp 1 0 0 36 36
34.bmp 1 0 0 36 36
340.bmp 1 0 0 36 36
341.bmp 1 0 0 36 36
342.bmp 1 0 0 36 36
343.bmp 1 0 0 36 36
344.bmp 1 0 0 36 36
345.bmp 1 0 0 36 36
346.bmp 1 0 0 36 36
347.bmp 1 0 0 36 36
348.bmp 1 0 0 36 36
349.bmp 1 0 0 36 36
35.bmp 1 0 0 36 36
350.bmp 1 0 0 36 36
351.bmp 1 0 0 36 36
352.bmp 1 0 0 36 36
353.bmp 1 0 0 36 36
354.bmp 1 0 0 36 36
355.bmp 1 0 0 36 36
356.bmp 1 0 0 36 36
357.bmp 1 0 0 36 36
358.bmp 1 0 0 36 36
359.bmp 1 0 0 36 36
36.bmp 1 0 0 36 36
360.bmp 1 0 0 36 36
361.bmp 1 0 0 36 36
362.bmp 1 0 0 36 36
363.bmp 1 0 0 36 36
364.bmp 1 0 0 36 36
365.bmp 1 0 0 36 36
366.bmp 1 0 0 36 36
367.bmp 1 0 0 36 36
368.bmp 1 0 0 36 36
369.bmp 1 0 0 36 36
37.bmp 1 0 0 36 36
370.bmp 1 0 0 36 36
371.bmp 1 0 0 36 36
372.bmp 1 0 0 36 36
373.bmp 1 0 0 36 36
374.bmp 1 0 0 36 36
375.bmp 1 0 0 36 36
376.bmp 1 0 0 36 36
377.bmp 1 0 0 36 36
378.bmp 1 0 0 36 36
379.bmp 1 0 0 36 36
38.bmp 1 0 0 36 36
380.bmp 1 0 0 36 36
381.bmp 1 0 0 36 36
382.bmp 1 0 0 36 36
383.bmp 1 0 0 36 36
384.bmp 1 0 0 36 36
385.bmp 1 0 0 36 36
386.bmp 1 0 0 36 36
387.bmp 1 0 0 36 36
388.bmp 1 0 0 36 36
389.bmp 1 0 0 36 36
39.bmp 1 0 0 36 36
390.bmp 1 0 0 36 36
391.bmp 1 0 0 36 36
392.bmp 1 0 0 36 36
393.bmp 1 0 0 36 36
394.bmp 1 0 0 36 36
395.bmp 1 0 0 36 36
396.bmp 1 0 0 36 36
397.bmp 1 0 0 36 36
398.bmp 1 0 0 36 36
399.bmp 1 0 0 36 36
4.bmp 1 0 0 36 36
40.bmp 1 0 0 36 36
400.bmp 1 0 0 36 36
401.bmp 1 0 0 36 36
402.bmp 1 0 0 36 36
403.bmp 1 0 0 36 36
404.bmp 1 0 0 36 36
405.bmp 1 0 0 36 36
406.bmp 1 0 0 36 36
407.bmp 1 0 0 36 36
408.bmp 1 0 0 36 36
41.bmp 1 0 0 36 36
410.bmp 1 0 0 36 36
411.bmp 1 0 0 36 36
412.bmp 1 0 0 36 36
413.bmp 1 0 0 36 36
414.bmp 1 0 0 36 36
415.bmp 1 0 0 36 36
416.bmp 1 0 0 36 36
417.bmp 1 0 0 36 36
418.bmp 1 0 0 36 36
419.bmp 1 0 0 36 36
42.bmp 1 0 0 36 36
420.bmp 1 0 0 36 36
421.bmp 1 0 0 36 36
422.bmp 1 0 0 36 36
423.bmp 1 0 0 36 36
424.bmp 1 0 0 36 36
425.bmp 1 0 0 36 36
426.bmp 1 0 0 36 36
427.bmp 1 0 0 36 36
428.bmp 1 0 0 36 36
429.bmp 1 0 0 36 36
43.bmp 1 0 0 36 36
430.bmp 1 0 0 36 36
431.bmp 1 0 0 36 36
432.bmp 1 0 0 36 36
433.bmp 1 0 0 36 36
434.bmp 1 0 0 36 36
435.bmp 1 0 0 36 36
436.bmp 1 0 0 36 36
437.bmp 1 0 0 36 36
438.bmp 1 0 0 36 36
439.bmp 1 0 0 36 36
44.bmp 1 0 0 36 36
440.bmp 1 0 0 36 36
441.bmp 1 0 0 36 36
442.bmp 1 0 0 36 36
443.bmp 1 0 0 36 36
444.bmp 1 0 0 36 36
445.bmp 1 0 0 36 36
446.bmp 1 0 0 36 36
447.bmp 1 0 0 36 36
448.bmp 1 0 0 36 36
449.bmp 1 0 0 36 36
45.bmp 1 0 0 36 36
450.bmp 1 0 0 36 36
451.bmp 1 0 0 36 36
452.bmp 1 0 0 36 36
453.bmp 1 0 0 36 36
454.bmp 1 0 0 36 36
455.bmp 1 0 0 36 36
456.bmp 1 0 0 36 36
457.bmp 1 0 0 36 36
458.bmp 1 0 0 36 36
459.bmp 1 0 0 36 36
46.bmp 1 0 0 36 36
460.bmp 1 0 0 36 36
461.bmp 1 0 0 36 36
462.bmp 1 0 0 36 36
463.bmp 1 0 0 36 36
464.bmp 1 0 0 36 36
465.bmp 1 0 0 36 36
466.bmp 1 0 0 36 36
467.bmp 1 0 0 36 36
468.bmp 1 0 0 36 36
469.bmp 1 0 0 36 36
47.bmp 1 0 0 36 36
470.bmp 1 0 0 36 36
471.bmp 1 0 0 36 36
472.bmp 1 0 0 36 36
473.bmp 1 0 0 36 36
474.bmp 1 0 0 36 36
475.bmp 1 0 0 36 36
476.bmp 1 0 0 36 36
477.bmp 1 0 0 36 36
478.bmp 1 0 0 36 36
479.bmp 1 0 0 36 36
48.bmp 1 0 0 36 36
480.bmp 1 0 0 36 36
481.bmp 1 0 0 36 36
482.bmp 1 0 0 36 36
483.bmp 1 0 0 36 36
484.bmp 1 0 0 36 36
485.bmp 1 0 0 36 36
486.bmp 1 0 0 36 36
487.bmp 1 0 0 36 36
488.bmp 1 0 0 36 36
489.bmp 1 0 0 36 36
49.bmp 1 0 0 36 36
490.bmp 1 0 0 36 36
491.bmp 1 0 0 36 36
492.bmp 1 0 0 36 36
493.bmp 1 0 0 36 36
494.bmp 1 0 0 36 36
495.bmp 1 0 0 36 36
496.bmp 1 0 0 36 36
497.bmp 1 0 0 36 36
498.bmp 1 0 0 36 36
499.bmp 1 0 0 36 36
5.bmp 1 0 0 36 36
50.bmp 1 0 0 36 36
500.bmp 1 0 0 36 36
501.bmp 1 0 0 36 36
505.bmp 1 0 0 36 36
506.bmp 1 0 0 36 36
507.bmp 1 0 0 36 36
508.bmp 1 0 0 36 36
509.bmp 1 0 0 36 36
51.bmp 1 0 0 36 36
510.bmp 1 0 0 36 36
511.bmp 1 0 0 36 36
513.bmp 1 0 0 36 36
514.bmp 1 0 0 36 36
515.bmp 1 0 0 36 36
516.bmp 1 0 0 36 36
517.bmp 1 0 0 36 36
518.bmp 1 0 0 36 36
519.bmp 1 0 0 36 36
52.bmp 1 0 0 36 36
520.bmp 1 0 0 36 36
521.bmp 1 0 0 36 36
522.bmp 1 0 0 36 36
523.bmp 1 0 0 36 36
524.bmp 1 0 0 36 36
525.bmp 1 0 0 36 36
526.bmp 1 0 0 36 36
527.bmp 1 0 0 36 36
528.bmp 1 0 0 36 36
529.bmp 1 0 0 36 36
53.bmp 1 0 0 36 36
530.bmp 1 0 0 36 36
531.bmp 1 0 0 36 36
532.bmp 1 0 0 36 36
533.bmp 1 0 0 36 36
534.bmp 1 0 0 36 36
535.bmp 1 0 0 36 36
536.bmp 1 0 0 36 36
537.bmp 1 0 0 36 36
538.bmp 1 0 0 36 36
539.bmp 1 0 0 36 36
54.bmp 1 0 0 36 36
540.bmp 1 0 0 36 36
541.bmp 1 0 0 36 36
542.bmp 1 0 0 36 36
543.bmp 1 0 0 36 36
544.bmp 1 0 0 36 36
545.bmp 1 0 0 36 36
546.bmp 1 0 0 36 36
547.bmp 1 0 0 36 36
548.bmp 1 0 0 36 36
549.bmp 1 0 0 36 36
55.bmp 1 0 0 36 36
550.bmp 1 0 0 36 36
551.bmp 1 0 0 36 36
552.bmp 1 0 0 36 36
553.bmp 1 0 0 36 36
554.bmp 1 0 0 36 36
555.bmp 1 0 0 36 36
556.bmp 1 0 0 36 36
557.bmp 1 0 0 36 36
558.bmp 1 0 0 36 36
559.bmp 1 0 0 36 36
56.bmp 1 0 0 36 36
560.bmp 1 0 0 36 36
561.bmp 1 0 0 36 36
562.bmp 1 0 0 36 36
563.bmp 1 0 0 36 36
564.bmp 1 0 0 36 36
565.bmp 1 0 0 36 36
566.bmp 1 0 0 36 36
567.bmp 1 0 0 36 36
568.bmp 1 0 0 36 36
569.bmp 1 0 0 36 36
57.bmp 1 0 0 36 36
570.bmp 1 0 0 36 36
571.bmp 1 0 0 36 36
572.bmp 1 0 0 36 36
573.bmp 1 0 0 36 36
574.bmp 1 0 0 36 36
575.bmp 1 0 0 36 36
576.bmp 1 0 0 36 36
577.bmp 1 0 0 36 36
578.bmp 1 0 0 36 36
579.bmp 1 0 0 36 36
58.bmp 1 0 0 36 36
580.bmp 1 0 0 36 36
581.bmp 1 0 0 36 36
582.bmp 1 0 0 36 36
583.bmp 1 0 0 36 36
584.bmp 1 0 0 36 36
585.bmp 1 0 0 36 36
587.bmp 1 0 0 36 36
588.bmp 1 0 0 36 36
589.bmp 1 0 0 36 36
59.bmp 1 0 0 36 36
590.bmp 1 0 0 36 36
591.bmp 1 0 0 36 36
592.bmp 1 0 0 36 36
593.bmp 1 0 0 36 36
594.bmp 1 0 0 36 36
595.bmp 1 0 0 36 36
596.bmp 1 0 0 36 36
597.bmp 1 0 0 36 36
598.bmp 1 0 0 36 36
599.bmp 1 0 0 36 36
6.bmp 1 0 0 36 36
60.bmp 1 0 0 36 36
600.bmp 1 0 0 36 36
601.bmp 1 0 0 36 36
602.bmp 1 0 0 36 36
603.bmp 1 0 0 36 36
604.bmp 1 0 0 36 36
605.bmp 1 0 0 36 36
606.bmp 1 0 0 36 36
607.bmp 1 0 0 36 36
608.bmp 1 0 0 36 36
609.bmp 1 0 0 36 36
61.bmp 1 0 0 36 36
610.bmp 1 0 0 36 36
613.bmp 1 0 0 36 36
614.bmp 1 0 0 36 36
615.bmp 1 0 0 36 36
616.bmp 1 0 0 36 36
617.bmp 1 0 0 36 36
618.bmp 1 0 0 36 36
619.bmp 1 0 0 36 36
62.bmp 1 0 0 36 36
620.bmp 1 0 0 36 36
621.bmp 1 0 0 36 36
622.bmp 1 0 0 36 36
623.bmp 1 0 0 36 36
624.bmp 1 0 0 36 36
625.bmp 1 0 0 36 36
626.bmp 1 0 0 36 36
627.bmp 1 0 0 36 36
628.bmp 1 0 0 36 36
629.bmp 1 0 0 36 36
63.bmp 1 0 0 36 36
630.bmp 1 0 0 36 36
631.bmp 1 0 0 36 36
632.bmp 1 0 0 36 36
634.bmp 1 0 0 36 36
635.bmp 1 0 0 36 36
636.bmp 1 0 0 36 36
637.bmp 1 0 0 36 36
638.bmp 1 0 0 36 36
639.bmp 1 0 0 36 36
64.bmp 1 0 0 36 36
640.bmp 1 0 0 36 36
641.bmp 1 0 0 36 36
642.bmp 1 0 0 36 36
643.bmp 1 0 0 36 36
644.bmp 1 0 0 36 36
645.bmp 1 0 0 36 36
646.bmp 1 0 0 36 36
649.bmp 1 0 0 36 36
65.bmp 1 0 0 36 36
650.bmp 1 0 0 36 36
651.bmp 1 0 0 36 36
652.bmp 1 0 0 36 36
653.bmp 1 0 0 36 36
654.bmp 1 0 0 36 36
655.bmp 1 0 0 36 36
656.bmp 1 0 0 36 36
657.bmp 1 0 0 36 36
658.bmp 1 0 0 36 36
659.bmp 1 0 0 36 36
66.bmp 1 0 0 36 36
660.bmp 1 0 0 36 36
661.bmp 1 0 0 36 36
662.bmp 1 0 0 36 36
663.bmp 1 0 0 36 36
664.bmp 1 0 0 36 36
665.bmp 1 0 0 36 36
666.bmp 1 0 0 36 36
667.bmp 1 0 0 36 36
668.bmp 1 0 0 36 36
669.bmp 1 0 0 36 36
67.bmp 1 0 0 36 36
672.bmp 1 0 0 36 36
673.bmp 1 0 0 36 36
674.bmp 1 0 0 36 36
675.bmp 1 0 0 36 36
676.bmp 1 0 0 36 36
677.bmp 1 0 0 36 36
678.bmp 1 0 0 36 36
679.bmp 1 0 0 36 36
68.bmp 1 0 0 36 36
680.bmp 1 0 0 36 36
681.bmp 1 0 0 36 36
682.bmp 1 0 0 36 36
683.bmp 1 0 0 36 36
684.bmp 1 0 0 36 36
685.bmp 1 0 0 36 36
686.bmp 1 0 0 36 36
687.bmp 1 0 0 36 36
688.bmp 1 0 0 36 36
689.bmp 1 0 0 36 36
69.bmp 1 0 0 36 36
693.bmp 1 0 0 36 36
694.bmp 1 0 0 36 36
695.bmp 1 0 0 36 36
696.bmp 1 0 0 36 36
698.bmp 1 0 0 36 36
7.bmp 1 0 0 36 36
70.bmp 1 0 0 36 36
700.bmp 1 0 0 36 36
701.bmp 1 0 0 36 36
702.bmp 1 0 0 36 36
703.bmp 1 0 0 36 36
704.bmp 1 0 0 36 36
705.bmp 1 0 0 36 36
706.bmp 1 0 0 36 36
707.bmp 1 0 0 36 36
708.bmp 1 0 0 36 36
709.bmp 1 0 0 36 36
71.bmp 1 0 0 36 36
710.bmp 1 0 0 36 36
711.bmp 1 0 0 36 36
712.bmp 1 0 0 36 36
713.bmp 1 0 0 36 36
714.bmp 1 0 0 36 36
715.bmp 1 0 0 36 36
716.bmp 1 0 0 36 36
717.bmp 1 0 0 36 36
718.bmp 1 0 0 36 36
719.bmp 1 0 0 36 36
72.bmp 1 0 0 36 36
720.bmp 1 0 0 36 36
721.bmp 1 0 0 36 36
722.bmp 1 0 0 36 36
723.bmp 1 0 0 36 36
724.bmp 1 0 0 36 36
725.bmp 1 0 0 36 36
726.bmp 1 0 0 36 36
727.bmp 1 0 0 36 36
728.bmp 1 0 0 36 36
729.bmp 1 0 0 36 36
73.bmp 1 0 0 36 36
730.bmp 1 0 0 36 36
731.bmp 1 0 0 36 36
732.bmp 1 0 0 36 36
733.bmp 1 0 0 36 36
734.bmp 1 0 0 36 36
735.bmp 1 0 0 36 36
736.bmp 1 0 0 36 36
737.bmp 1 0 0 36 36
738.bmp 1 0 0 36 36
739.bmp 1 0 0 36 36
74.bmp 1 0 0 36 36
740.bmp 1 0 0 36 36
741.bmp 1 0 0 36 36
742.bmp 1 0 0 36 36
743.bmp 1 0 0 36 36
744.bmp 1 0 0 36 36
745.bmp 1 0 0 36 36
746.bmp 1 0 0 36 36
747.bmp 1 0 0 36 36
748.bmp 1 0 0 36 36
749.bmp 1 0 0 36 36
75.bmp 1 0 0 36 36
751.bmp 1 0 0 36 36
752.bmp 1 0 0 36 36
753.bmp 1 0 0 36 36
754.bmp 1 0 0 36 36
755.bmp 1 0 0 36 36
756.bmp 1 0 0 36 36
757.bmp 1 0 0 36 36
758.bmp 1 0 0 36 36
759.bmp 1 0 0 36 36
76.bmp 1 0 0 36 36
760.bmp 1 0 0 36 36
761.bmp 1 0 0 36 36
762.bmp 1 0 0 36 36
763.bmp 1 0 0 36 36
764.bmp 1 0 0 36 36
765.bmp 1 0 0 36 36
766.bmp 1 0 0 36 36
767.bmp 1 0 0 36 36
768.bmp 1 0 0 36 36
769.bmp 1 0 0 36 36
77.bmp 1 0 0 36 36
770.bmp 1 0 0 36 36
771.bmp 1 0 0 36 36
772.bmp 1 0 0 36 36
773.bmp 1 0 0 36 36
774.bmp 1 0 0 36 36
775.bmp 1 0 0 36 36
776.bmp 1 0 0 36 36
777.bmp 1 0 0 36 36
778.bmp 1 0 0 36 36
779.bmp 1 0 0 36 36
78.bmp 1 0 0 36 36
780.bmp 1 0 0 36 36
781.bmp 1 0 0 36 36
782.bmp 1 0 0 36 36
783.bmp 1 0 0 36 36
784.bmp 1 0 0 36 36
785.bmp 1 0 0 36 36
786.bmp 1 0 0 36 36
787.bmp 1 0 0 36 36
788.bmp 1 0 0 36 36
789.bmp 1 0 0 36 36
79.bmp 1 0 0 36 36
790.bmp 1 0 0 36 36
791.bmp 1 0 0 36 36
792.bmp 1 0 0 36 36
793.bmp 1 0 0 36 36
794.bmp 1 0 0 36 36
795.bmp 1 0 0 36 36
796.bmp 1 0 0 36 36
798.bmp 1 0 0 36 36
799.bmp 1 0 0 36 36
8.bmp 1 0 0 36 36
80.bmp 1 0 0 36 36
800.bmp 1 0 0 36 36
801.bmp 1 0 0 36 36
802.bmp 1 0 0 36 36
803.bmp 1 0 0 36 36
81.bmp 1 0 0 36 36
82.bmp 1 0 0 36 36
83.bmp 1 0 0 36 36
84.bmp 1 0 0 36 36
85.bmp 1 0 0 36 36
86.bmp 1 0 0 36 36
87.bmp 1 0 0 36 36
88.bmp 1 0 0 36 36
89.bmp 1 0 0 36 36
9.bmp 1 0 0 36 36
90.bmp 1 0 0 36 36
91.bmp 1 0 0 36 36
92.bmp 1 0 0 36 36
93.bmp 1 0 0 36 36
94.bmp 1 0 0 36 36
95.bmp 1 0 0 36 36
96.bmp 1 0 0 36 36
97.bmp 1 0 0 36 36
98.bmp 1 0 0 36 36
99.bmp 1 0 0 36 36
